(function() { function bxBootstrap() {
 var re = /bot|crawl|slurp|spider|mediapartners|headlesschrome/i;
 if (re.test(navigator.userAgent) || navigator.userAgent == '') {
  return;
 }

 if (!(window.bouncex&&bouncex.website)) {
  var pushedData = [];
  if(window.bouncex && bouncex.push && bouncex.length){
   pushedData = bouncex;
  }
  window.bouncex = {};
  bouncex.pushedData = pushedData;
  bouncex.website = {"id":3589,"name":"G/O Media | Gizmodo","cookie_name":"bounceClientVisit3589","domain":"gizmodo.com","ct":"bind_to_domain","ally":0,"ei":0,"tcjs":"","cjs":"","force_https":false,"waypoints":false,"content_width":900,"gai":"","swids":"","sd":0,"ljq":"auto","campaign_id":0,"is_preview":false,"aco":{"first_party_limit":"3500","local_storage":"1"},"cmp":{"gdpr":0,"gmp":0,"whitelist_check":0},"burls":[],"ple":false,"fbe":true,"mas":2,"map":1,"gar":true,"ete":2,"ettm":true,"etjs":"","dge":true,"bxidLoadFirst":false,"gbi_enabled":1,"gbi":{"rblocks":[5499572081,5521060047,5523629418,5523831774,5523846366,5524236657,5525147198,5527894225,5527894237,5527894531,5535641655,5544023220,5544039108,5539111420,5499570404,5521467343,5499582662,5534189891,5527894507,127113698,127114418,127613138,127666778,127742498,5499230857,164714978,164716418,185149058,185483858,185552618,189026618,239146178,239345498,239475338,240059858,241637378,241724738,241736618,4344710792,4344905914,4610370218,5527894222,5527894504,5527894510,5532837357,5534837973,5536860940,5536914625,5537123991,5539041595,5539115902,5543959170,5544352749,5545499482,5521061721,5524972783,4433849752,5135175330,5127770040,5248137999,5201424695,5590186201,5616059252,240058298,5680500408,5659180795,5664397084,5246204139,5662427473,5290150926,5685043621,5676981099,5331068286,5331068079,5291500775,5269864477,5331069078,5331906445,5331069042,5331906418,5331906475,5626869248,5283716092,5283733585,5319207782,5664480130,5685242072,5594251569,5568308873,5248028603,5619094928,4897741390,5245669402,5246073044,4720223246,5579495739,5244870121,5246806270,204336218,5245244111,4385437158,5290493915,5535414378,5657418181,190611578,5405615948,5331907846,5331907642,5293696067,5316485276,5313815918,4365125745,5293696220,5666798105,5292408447,5292409410,5292408378,5072494486,5246174559,4391059331,5515481163,214204658,175744298,5663609500,5570303919,5575727449,5194956915,5691179489,5298721188,5282934177,5282936601,5658483743,5559965206,5558860035,5268079185,5658344627,219071858,5247179237,5291272452,5662637499,5228648565,5665151493,188478938,5589021318,5590472393,5589021321,5319522199,5319791900,175743938,5266780746,175744058,4362866809,237114818,5193232742,5269934125,5202351019,5061948155,5656814292,4950773196,5685442505,4346829574,4727708127,5672344777,5683892055,5128912520,5546292693,5268102152,5492909647,5659852683,5669439053,5192468148,5616528955,5138925775,5127307656,5657659435,5525827098,5531062496,5157083996,5228978548,5061547578,5193259364,5633740681,5319791897,5621719869,5626894787,5066918636,5193228881,5192874127,197973338,5194302202,5675283064,5319943415,5319941693,5675907266,5262633726,5284103268,5285070637,5571137246,189579578,4735004629,5667906640,229759658,214266698,5551817207,5316483281,5317179825,5318397272,5192874952,5217115654,153043898,127564538,5231824995,5337366635,5550720397,5115068630,5646851956,214290578,5450848251,231494138,5601438618,171466898,232143818,5194967427,4924962223,5332101024,5660814903,5269292354,5246819176,153043778,5575913747,235447058,5572564796,5229131239,5228985835,5464477584,5207823789,5205590554,5664432424,5307300696,5558757264,5066919320,5567031000,5192874454,5664058277,5246823778,5135297740,5199475867,5197768550,5066490216,5330513002,5271737506,5615431401,5066490417,5135297737,5642060158,5066919260,5494676786,5141869189,5066490420,5674861900,5061948152,5520033973,5626898807,5632363384,5160675076,5492909641,4391059328,5135175324,5259598491,5576644526,5066918807,5612429912,4370568880,5021471718,5213446738,5066713648,4422647018,5257963182,5562837033,204718538,5677484048,5061947483,5309857411,5309857600,5309041623,5309044029,5309858587,5310210608,5310209183,5309044200,5309044065,5309858815,5309859034,5269489163,184991858,5684091813,148506938,5247233939,5309044236,5309857567,5309858629,5310198413,5310209162,5260807112,5560925441,5666995605,5309859109,5309858854,5310208967,5673904285,5326557997,5308477814,213729458,5668674137,5310210431,240073418,239146058,237132698,4734260864,5671299547,5200154157,5558856702,5269231328,5310209903,5672291405,5292181872,5281540937,5341355229,5233763914,5310209939,5682039488,5252392985,5522761579,175877978,5280420153,4518734828,5658314141,215219018,5492909644,5684767171,5199173898,5550477735,5580610006,197208938,205026578,214196138,5583534629,214291538,5657648602,5661479652,5659047500,5486363173,5486364853,4921292537,5572565747,5678530022,5499399982,199938218,5528237465,5329590711,5669439056,175874378,4552170361,5340307089,4578946282,5559926329,5559895672,5558785149,4352625312,5297381882,5297381948,5297130196,5297381690,5297381990,5297381912,5297382182,5657418193,5214148752,5238452793,5228513246,5285262919,5284576248,5233495638,5692108508,5559962113,5560134137,5228162098,5566171670,5642641334,5341208131,5285265241,5290242182,5290234721,4685292957,5684091816,5217505187,175876538,5585697279,5140169691,5289158295,237112658,5153025091,5290385510,5290006042,4864286131,5280269928,5664058268,153043658,4652796891,4655024326,5194881567,5298171277,5298424520,5297249673,5297249883,5298424235,5297249721,5297249937,5298424217,5298424286,5231778895,5221709197,4655168585,5505159258,5505159261,5506339388,234017378,5672709069,5674230959,5617034858,5232446290,5233495836,5072482444,5626824707,5627405900,5626824713,5625216861,5221705324,5191529026,5208872320,5216688891,5194877004,5492045163,5268048615,5269293536,5314694767,5315017886,5528227634,5657625790,5365154843,5486665829,5373508522,5292170118,175743458,4351705913,5307523422,5312941359,5312941089,5440690064,5312928626,134434178,5342494073,5557734204,5303797194,185696138,4455313844,5069355306,5579497833,5362372798,5687589734,5685458540,5534022884,5567098528,5362780712,5361610440,5361610491,5362372945,5361610206,5361610500,5362373011,5362780691,5362780499,5362780478,5361610296,5362780535,5362372963,5362372765,5570325788,5464474776,5558807886,5570326010,5683867353,5684843035,5683949038,173834498,5675807642,5246746240,175744178,5686763929,5332951366,5676817845,5334839010,5659042274,175743698,4393734128,5353284138,5368404471,5632217449,5575820314,5354520887,4532910663,5666841277,5583534641,5348795959,175877618,4573376390,180255818,5347272635,5348010948,5566163483,5566171085,5565992827,5525826621,5526984448,5346154779,5346976036,5347296455,5346154797,5346154947,5346154992,5346155196,5346976045,5347296461,5346154698,5346154776,5346154968,5346155163,5346154686,5346154713,5346154932,5346155181,5347297376,5343873352,5343027810,5356507359,5361229160,5468353847,5467963801,5343762477,5594255433,5596882713,5684091516,5359087097,5482647814,5589454966,5589454969,206768378,5368721673,5505381993,5506426306,5362679884,5278891373,5429458319,5373432423,148506578,153044138,148506218,214205258,5293618039,4733823045,4733823321,153044018,204918938,202343378,4453384525,214134938,5675928408,5375167847,5375168051,5139846398,5547934955,5367081595,5652129545,5429594817,5581854221,5506594709,5498448864,5346658744,5355998791,5356369613,5429458316,5458108514,5498501688,5499459820,5465680307,102863618,239146298,214256138,5067333495,199589018,5560183634,5565789117,5678923408,5683948684,5466341683,5440509248,5697747070,4372306924,5349914299,5447129207,107714858,173835938,210678818,5642470763,5656814286,5663557104,5663557107,5628193897,5513780520,5363283327,5524698193,5524693198,5666630373,5656814289,5363043973,5448851950,5524695973,5524700068,5351200541,5689009871,5363439261,153043418,4734260549,5656668672,5582243253,5506073496,153043538,5326557535,4517020294,5298728535,5167070132,5595624386,5381360539,5295802785,5598174901,5598162670,5558735916,5522642586,5506502796,5555881178,5346669973,5346670468,5346995699,239145938,5565789102,5558848998,5560090235,5566977348,5410269097,5440307238,5429458304,5449108761,5410242631,5697338876,4486780470,5638729869,5654784128,4348706081,4443885573,4455233712,5449111413,5558745810,5560033862,5570030586,4453897905,5594706899,5537031991,5478707457,5478712014,5478710601,5568090655,5630270603,4734260855,5499729503,5433314124,5434475972,5434236433,5457872101,5621728017,5533639586,5521467328,5520336396,5564891469,5559903523,5478713469,5419748086,5566169021,5566169024,4430616863,5406312223,5536032148,5482930264,5482930492,5438122472,5536800410,5593420477,5593420474,5505159264,5606296944,5417036396,5642470757,4480991461,5559244223,5430792656,5590465174,5589300426,4921297163,5446151899,5446151896,4845780641,5520207830,5167069676,5567204814,5568268018,5448919636,5593336287,5593471831,5593471834,5527696959,5550474462,5570199249,5482843334,5609588593,5609588602,164715338,193815218,5559244226,5496873330,5579770788,5579768370,5437619438,5571496259,5559618162,197207738,5426965352,5535828402,5570302536,5570320293,5617232044,5550477738,5582664888,5319791726,5582967290,5429458313,5429458310,5574672951,5632654201,5460268724,5460779175,5494187710,5406507338,5586117516,5586117066,5587337677,5572703948,5586117741,5445821211,5617720022,5584022282,5622986376,175743578,5441086951,5429458286,5566082533,5566279637,5226014623,5501085553,5627413343,5506339382,5479789155,5481004694,143244098,145193858,153043298,175743818,5581348255,5579364864,5476621858,4733822868,5094207117,5523427414,5431262568,5406527181,5576207481,5577534887,5581568129,5417470033,5417698556,5536227498,5498084123,5405620281,5571460203,5475262253,5618303922,5619434314,5619979400,5619965201,5459092215,5617927172,5626824710,5418850689,4368014820,5418850692,5418850695,5628915346,5629367978,5603016668,5627823828,5498052947,231552218,232171658,4860585007,5478796206,5494515815,4923049118,5607984650,5607985196,5537444305,5617927178,5114358849,5622491694,5626195804,5616208072,5440769490,5457923723,5440769481,5456705436,5440769484,5457673813,5457921077,5440769493,5653041279,5650711853,5465681492,5624087009,5615057454,5445821214,5452729144,5407354799,5620281791,5619764533,5571437649,5571418023,5619965198,5622637820,5619425185,5622638075,5626698717,5627795641,5640241627,5625072198,5591912100,5612429759,5591911362,5650073746,5459092212,5617926884,5616337839,5451746817,5472675481,5471802123,5471799522,5474011866,5631718724,5505159270,5633876531,5633428546,5633462869,5633913110,5633457568,5452947017,5465176539,5633459473,5650808363,5650797989,5646081067,5645033730,5428987918,5567030829,5636024870,5419747354,5419747357,5419748083,5507728493,5505159267,5650541459,5647220520,5636085834,5636089344,5637140809,5651681519,5407048240,5490604716,5406247131,5534654553,5525613323,5408363231,5408363234,5474931556,5474015481,5637790230,5494237855,5493390183,5651803820,5651131339,5651811275,5651907527,5651178697,5479731723,5501908276,5498535513,5439111090,5452799881,5529047174,5440230360,5476803047,5476435390,5520662594,5519359827,5509196632,5509196557,5418808064,5418808310,4663751514,5421466920,5422160559,5423124226,5417066109,5489953879,5534654559,5429316668,5515254458,5459092227,5471398441,5423289494,5460274496,5520284845,5519053623,5520379817,5418983197,5636024873,5524906450,5515226852,5515284683,5459092224,5466458822,5655388449,5493431493,5494272424,5493434613,5493427611,5448627011,5482540000,5524289892,5446811221,185840858,190352138,190919378,197065418,205685978,214292618,214618898,5473063425,5474350697,5473067031,5474357234,5473061414,217888778,218532218,218536418,236580098,236715698,237038738,237112058,4357857070,237112178,237112778,237111818,5515385039,5492228613,5492229798,5492229810,5466393038,4355614542,4362147277,4373652695,5466458825,5455977310,5454980583,5454980598,5469417515,5469010228,5446811224,5478473271,5466151084,5477725649,5456686206,5457673840,5477725136,5438783177,5471794686,5472698335,5472698824,5472698821,5498535510,5003111174,5484738236,5046007335,5520640496,5468152539,5469029470,5516888843,5492227863,5492227869,5492228598,5492228595,5492228601,5492228607,5492227866,5506339385,5492228610,5444702352,5430792653,5430792650,5499700766,5460729308,5452947014,5480029187,5512783890,5440478525,5446811227,5499572084,5494327906,5494677278,5494677281,5492229795,5492229801,5492229807,5492229813,5492229816,5493498423,5493497955,5454980580,4734260858,4778239157,5496611227,5521490054,5460779172,5504402078,5503220616,5492325559,5473805190,5515481454,5480801180,5516791663,5551466567,5319791891,5481053723,5481053720,5481053726,5479836648,5479836651,5479836654,5480748184,5480748187,5480748190,5480748193,5530016596,5441704447,5491070767,5440769487,5490178470,5510307490,5521453566,5526042170,5521466623,5499359413,5522900777,5527450500,5088488636,4734260546,5552935823,190606058,214266458,5499572078,5415713407,5415719200,5416983265,5452073708,185483498,5527894234,5533997197,5498403321,5499572075,5520318435,5547013357,147407738,178074818]},"bpush":false,"pt":null,"els":{"Endcap":".js_comments-iframe","Infeed":"main p + p","Masthead":".js_header","masthead":".navwrap--outer.js-navwrap--outer.navwrap--permalink.navwrap-headerv2"},"vars":[{"name":"dfp_rblock","polling":"all","persist":"no","page_types":[],"testmode":false,"default":"false","code":"(function() {\r\n    if (!bouncex.dfpRan) {\r\n        bouncex.dfpRan = true;\r\n        return 'not_ready';\r\n    }\r\n    function check() {\r\n        bouncex.dfp_loaded = false || bouncex.dfp_loaded;\r\n        \r\n        var event = bouncex.gbi2.getDfpEndPageViewEvent();\r\n        \r\n        if (event && event.dfp_status) {\r\n            if (event.dfp_status == 'pending') {\r\n                return 'not_ready';\r\n            } \r\n            \r\n            bouncex.dfp_loaded = true;\r\n\r\n            if (event.dfp_status == 'suppressed') {\r\n                return 'sponsor';\r\n            }\r\n\r\n            return 'allow';\r\n        }\r\n\r\n        return 'not_ready';\r\n    }\r\n\r\n    if (bouncex.website.gbi.rblocks) {\r\n        if (!bouncex.website.gbi_enabled) {\r\n            return 'disabled';\r\n        } else if (bouncex.dfp_loaded) {\r\n            return null;\r\n        } else if (window.googletag && googletag.apiReady && googletag.pubadsReady && bouncex.gbi2) {\r\n            return check();\r\n        } else if (typeof window.googletag === 'undefined') {\r\n            return 'no_googletag';\r\n        }\r\n        return 'fallback';\r\n    } else {\r\n        return 'not_ready';\r\n    }\r\n})()","trigger":"pageload"}],"dgu":"pixel.cdnwidget.com","dgp":false,"ba":{"enabled":0,"fbte":0},"biu":"assets.bounceexchange.com","bau":"api.bounceexchange.com","beu":"events.bouncex.net","ibx":{"tjs":"","cjs":"","miw":1,"mibcx":1,"te":0,"cart_rep":{"get":"","set":""},"ulpj":null,"cus":"","miw_exclude":""},"etjson":null,"osre":true,"osru":"osr.bounceexchange.com/v1/osr/items","checkDfp":true,"spa":0,"spatm":1,"preinit_cjs":"","mat":0,"math":0,"cpnu":"coupons.bounceexchange.com","dfpcms":0,"sms":{"optm":"","eventSharing":false,"shqId":""},"pde":false,"fme":false,"sdk":{"android":false,"ios":false,"javascript":false}}
;
  bouncex.tag = 'tag3';
  bouncex.$ = window.jQuery;
  bouncex.env = 'production';
  bouncex.restrictedTlds = {"casl":{"ca":1},"gdpr":{"ad":1,"al":1,"at":1,"ax":1,"ba":1,"be":1,"bg":1,"by":1,"xn--90ais":1,"ch":1,"cy":1,"cz":1,"de":1,"dk":1,"ee":1,"es":1,"eu":1,"fi":1,"fo":1,"fr":1,"uk":1,"gb":1,"gg":1,"gi":1,"gr":1,"hr":1,"hu":1,"ie":1,"im":1,"is":1,"it":1,"je":1,"li":1,"lt":1,"lu":1,"lv":1,"mc":1,"md":1,"me":1,"mk":1,"xn--d1al":1,"mt":1,"nl":1,"no":1,"pl":1,"pt":1,"ro":1,"rs":1,"xn--90a3ac":1,"ru":1,"su":1,"xn--p1ai":1,"se":1,"si":1,"sj":1,"sk":1,"sm":1,"ua":1,"xn--j1amh":1,"va":1,"tr":1}};
  bouncex.assets = {"creativesBaseStyles":"d63dbc50"};
  bouncex.push = function(pushData) {
   bouncex.pushedData.push(pushData);
  }
  var script = document.createElement('script');
  script.setAttribute('src', '//assets.bounceexchange.com/assets/smart-tag/versioned/ijs_all_modules_cjs_min_c85fd8dd29be655c298e9a4d41ec46a3.js');

  var scriptAttrs = [{"Key":"id","Value":"c.js"},{"Key":"async","Value":"true"},{"Key":"data-apikey","Value":"2^HIykD"},{"Key":"data-cb","Value":"bouncex.dg.initPostDeviceGraph"},{"Key":"data-bx","Value":"1"},{"Key":"data-adcb","Value":"bouncex.dg.getAdsOptStatus"}];
  if (scriptAttrs) {
   for (var i = 0; i < scriptAttrs.length; i++) {
    script.setAttribute(scriptAttrs[i].Key, scriptAttrs[i].Value);
   }
  }

  document.body.appendChild(script);
 }

  
}
if (document.readyState === "loading") {
 document.addEventListener("DOMContentLoaded", bxBootstrap);
} else {
 bxBootstrap();
}})();